shape_id,shape_pt_lat,shape_pt_lon,shape_pt_sequence
cementerio_001,40.27637058914263,-3.781147598722894,1
cementerio_001,40.27612501563223,-3.781560658954952,2
cementerio_001,40.27574028200613,-3.7827569243023538,3
cementerio_001,40.27607999372526,-3.7841355798821112,4
cementerio_001,40.27582214040778,-3.7847954033696793,5
cementerio_001,40.275646144721726,-3.784929513834632,6
cementerio_001,40.27572800323734,-3.7854605912758554,7
cementerio_001,40.27576893245797,-3.785782456391756,8
cementerio_001,40.2754046615233,-3.786211609879622,9
cementerio_001,40.27511406195477,-3.786726594065038,10
cementerio_001,40.27462699790538,-3.7879872324356305,11
cementerio_001,40.274410069090294,-3.789044022899469,12
cementerio_001,40.2743363949948,-3.790760636850914,13
cementerio_001,40.27437732505777,-3.794285059869945,14
cementerio_001,40.274393697076015,-3.797653914749624,15
cementerio_001,40.27424225575598,-3.798496128469529,16
cementerio_001,40.273358159118374,-3.8019508140467977,17
cementerio_001,40.27318215701933,-3.802347781023068,18
cementerio_001,40.272576378851284,-3.803560139626257,19
cementerio_001,40.27240037471757,-3.804284336137017,20
cementerio_001,40.2725722857371,-3.8048476000898366,21
cementerio_001,40.2732230877809,-3.8053035756706692,22
cementerio_001,40.273497323244506,-3.805662991716755,23
cementerio_001,40.27358737046765,-3.805984856832654,24
cementerio_001,40.27346867183021,-3.8061994335765874,25
cementerio_001,40.27325992544515,-3.8063174507857327,26
cementerio_001,40.27323946007861,-3.806601764971447,27
cementerio_001,40.27340727590149,-3.806848528226956,28
cementerio_001,40.273644673183554,-3.8068109772967706,29
cementerio_001,40.27374290629786,-3.806607129390037,30
cementerio_001,40.273767464554155,-3.8064622900878846,31
cementerio_001,40.27387388356166,-3.806156518227793,32
cementerio_001,40.274250441781945,-3.8057005426469397,33
cementerio_001,40.27440188308366,-3.8055878898563833,34
cementerio_001,40.27469248571278,-3.8058185598561054,35
cementerio_001,40.274880762805836,-3.8062208912509647,36
cementerio_001,40.274786624324825,-3.8064622900878846,37
cementerio_001,40.27446327810936,-3.8065105698552686,38
cementerio_001,40.27387797659708,-3.805866839623489,39
cementerio_001,40.27355462603674,-3.805346491019464,40
cementerio_001,40.273202622403204,-3.80393564892813,41
cementerio_001,40.27347276489012,-3.8022297638139033,42
cementerio_001,40.27362011488268,-3.8015753047449246,43
cementerio_001,40.274420202678364,-3.7982252244967145,44
cementerio_001,40.2748193845481,-3.7960821397331244,45
cementerio_001,40.274868500269854,-3.7948536878741472,46
cementerio_001,40.274737524932526,-3.7935554985733693,47
cementerio_001,40.27448375949453,-3.790857196018456,48
cementerio_001,40.27446329449835,-3.7896341085780687,49
cementerio_001,40.27473343194915,-3.788073062765994,50
cementerio_001,40.275584767158705,-3.7863081690471843,51
cementerio_001,40.27574029839482,-3.7861418720706346,52
cementerio_001,40.27602680236698,-3.7861579653264226,53
cementerio_001,40.27622735442522,-3.7862116095124163,54
cementerio_001,40.27712369206823,-3.7868660685813946,55
cementerio_001,40.277733522302604,-3.7873113153250486,56
cementerio_001,40.27898181536133,-3.787820935091875,57
cementerio_001,40.279399272159814,-3.788142800207775,58
cementerio_001,40.279477033435526,-3.788089156021782,59
cementerio_001,40.27952205308059,-3.7879228590452323,60
cementerio_001,40.279296954555505,-3.7868767974185924,61
cementerio_001,40.27918645136893,-3.7852084632345315,62
cementerio_001,40.279120967913904,-3.784693479049116,63
cementerio_001,40.2788099206363,-3.7836045020736813,64
cementerio_001,40.27883447705235,-3.7828373902141266,65
cementerio_001,40.279080040722285,-3.782027363005798,66
cementerio_001,40.279624370344244,-3.781195878123072,67
cementerio_001,40.279841282431114,-3.7810939541697146,68
cementerio_001,40.27991085785874,-3.781228064634668,69
cementerio_001,40.28036518951,-3.782821296923087,70
cementerio_001,40.2809749905079,-3.785160183431915,71
cementerio_001,40.281392434999475,-3.7851279969203193,72
cementerio_001,40.28180578435817,-3.785074352734346,73
cementerio_001,40.28239510976661,-3.7845057243629365,74
cementerio_001,40.28359011496281,-3.784103392968057,75
cementerio_001,40.28473599051639,-3.7840068334332897,76
cementerio_001,40.28481374565376,-3.783776163433568,77
cementerio_001,40.28494879383771,-3.7837493413405814,78
cementerio_001,40.28507156467989,-3.783824443200952,79
cementerio_001,40.28508384175185,-3.784146308316852,80
cementerio_001,40.28522707409323,-3.784489631107129,81
cementerio_001,40.28555419952761,-3.7850958098391594,82
cementerio_001,40.28597980034869,-3.7860506763496398,83
cementerio_001,40.28630309148919,-3.787053822627505,84
cementerio_001,40.286569089369294,-3.787606357743125,85
cementerio_001,40.28671641082175,-3.7877941123940726,86
cementerio_001,40.28678188691974,-3.7879496805334227,87
cementerio_001,40.28818960768576,-3.7898969644845697,88
cementerio_001,40.28825099019162,-3.790047168205311,89
cementerio_001,40.288426953066086,-3.790969848204216,90
cementerio_001,40.2885660861774,-3.791694044714976,91
cementerio_001,40.288574270469155,-3.7919086214589086,92
cementerio_001,40.28847605890277,-3.7919676300634917,93
cementerio_001,40.288181423347446,-3.7921124693656427,94
cementerio_001,40.28808730338548,-3.792080282854047,95
cementerio_001,40.28572198478666,-3.792997598434343,96
cementerio_001,40.285500987584065,-3.7932443612885534,97
cementerio_001,40.28531767519855,-3.7932362540390407,98
cementerio_001,40.285027118235995,-3.7935312970619344,99
cementerio_001,40.28453194081623,-3.794164298456536,100
cementerio_001,40.28419636397386,-3.794711469153547,101
cementerio_001,40.28389352490555,-3.7953230128737507,102
cementerio_001,40.283594776927806,-3.7956395135710417,103
cementerio_001,40.283169161090136,-3.7959989296171264,104
cementerio_001,40.28226881106516,-3.797018169150779,105
cementerio_001,40.28218286793581,-3.7971415507785338,106
cementerio_001,40.281843186879215,-3.7976726282197575,107
cementerio_001,40.28142983774919,-3.798101781707624,108
cementerio_001,40.28188820494868,-3.79957699682213,109
cementerio_001,40.28186364964178,-3.800349473100274,110
cementerio_001,40.28354975999479,-3.7995662679849307,111
