shape_id,shape_pt_lat,shape_pt_lon,shape_pt_sequence
725_001,40.46662848414765,-3.6888058482348622,1
725_001,40.466810103778634,-3.688754886258183,2
725_001,40.46953592802883,-3.6879837505745154,3
725_001,40.46996853053449,-3.6878710977839595,4
725_001,40.47065824008683,-3.6879676573187274,5
725_001,40.471768290290115,-3.687683343133013,6
725_001,40.477290651146966,-3.6861276611511977,7
725_001,40.48093053469932,-3.685183523477915,8
725_001,40.481632372957684,-3.685086963943147,9
725_001,40.48253006236045,-3.68531226952428,10
725_001,40.483027866763905,-3.6867392048714014,11
725_001,40.483631755674686,-3.6886596667295617,12
725_001,40.48451309730725,-3.6909019937036223,13
725_001,40.48563107883865,-3.693788050909462,14
725_001,40.48703464972443,-3.696159123929866,15
725_001,40.48816890940227,-3.6974143978818486,16
725_001,40.48986618304304,-3.6981010434624233,17
725_001,40.492118268335666,-3.698573112299065,18
725_001,40.49273023497516,-3.6988091467173945,19
725_001,40.49373384818208,-3.699603080669936,20
725_001,40.4952433194533,-3.700740337412754,21
725_001,40.49578182531008,-3.700836896947522,22
725_001,40.49715254798811,-3.700525760668821,23
725_001,40.498841435634745,-3.699227571368063,24
725_001,40.5005221221958,-3.6970067020684,25
725_001,40.5019335400314,-3.6957406992792183,26
725_001,40.50679576946765,-3.691653012307368,27
725_001,40.5093980595375,-3.689271210449766,28
725_001,40.510434052873705,-3.6877262578934786,29
725_001,40.511600545899405,-3.6853981002218488,30
725_001,40.51257673663441,-3.6847972859902627,31
725_001,40.514273392839826,-3.684539793897555,32
725_001,40.51602016427635,-3.685376642188199,33
725_001,40.52000050853787,-3.68705034079085,34
725_001,40.52259413029081,-3.6876296979994576,35
725_001,40.523670698526836,-3.6873722059067497,36
725_001,40.52515502940573,-3.6886811240447064,37
725_001,40.527047095835734,-3.6901617035778216,38
725_001,40.528906488390604,-3.691813944506076,39
725_001,40.532005361341405,-3.6932086933416013,40
725_001,40.53301654150436,-3.693037031946463,41
725_001,40.53368521677863,-3.6928009975281326,42
725_001,40.5364891139375,-3.6937880483969914,43
725_001,40.537092521619265,-3.6938524214201633,44
725_001,40.5377937723674,-3.6947536437446713,45
725_001,40.538707018151605,-3.69516133955812,46
725_001,40.538804865175834,-3.695311543278881,47
725_001,40.540044248446144,-3.696169850254594,48
725_001,40.54090854162973,-3.6975002260669476,49
725_001,40.54131622322317,-3.6986160251353892,50
725_001,40.54266970832054,-3.7013411497832687,51
725_001,40.54430037693311,-3.7026500679212453,52
725_001,40.54721917461954,-3.7039589860592024,53
725_001,40.54821381963159,-3.703401086524991,54
725_001,40.54867037305123,-3.703122136757887,55
725_001,40.549094312725394,-3.7032508828042503,56
725_001,40.54932258682296,-3.7038087823384607,57
725_001,40.550121540036756,-3.7052464465227812,58
725_001,40.55106584102444,-3.7056648720192724,59
725_001,40.553160682471564,-3.707499502930882,60
725_001,40.554285671815784,-3.7087440480456673,61
725_001,40.55618506744786,-3.7103319159507495,62
725_001,40.558320804183985,-3.711490630367965,63
725_001,40.56035865739405,-3.7113296978100245,64
725_001,40.56176881549833,-3.711200951763661,65
725_001,40.56424670921949,-3.710492848508689,66
725_001,40.56565678541584,-3.710170983392809,67
725_001,40.5686154036465,-3.7101602545556105,68
725_001,40.57123159344278,-3.710020779672048,69
725_001,40.57353799369321,-3.708926438278005,70
725_001,40.57674889204461,-3.7068879592106994,71
725_001,40.57832983613938,-3.7059009061886226,72
725_001,40.580002696552725,-3.705589769383542,73
725_001,40.58414220778735,-3.706061838220203,74
725_001,40.58627705242626,-3.7071990949630207,75
725_001,40.58803702576714,-3.7093877777510884,76
725_001,40.59031532111317,-3.7118768661548573,77
725_001,40.59328099628205,-3.7126493424330014,78
725_001,40.5952363145501,-3.7141728373148912,79
725_001,40.59640947806357,-3.7164473508005273,80
725_001,40.59797366405933,-3.7182712531239397,81
725_001,40.59971703657301,-3.7195801712618963,82
725_001,40.602454202619555,-3.7203311898656426,83
725_001,40.607390593729136,-3.7209534624230445,84
725_001,40.609101139248224,-3.7210822084693893,85
725_001,40.61050212486686,-3.7221121768402607,86
725_001,40.61261983806811,-3.723785875442891,87
725_001,40.614444275621764,-3.725287912650404,88
725_001,40.61542163239033,-3.7274122224152992,89
725_001,40.61696908470101,-3.7289786326459833,90
725_001,40.61978698473742,-3.7298798549704704,91
725_001,40.62332140805821,-3.730094431714404,92
725_001,40.626741639657844,-3.7300729740400063,93
725_001,40.62975455571482,-3.730008601016835,94
725_001,40.63407011757697,-3.7295794475289683,95
725_001,40.63576369583291,-3.7301373470631987,96
725_001,40.637212973882114,-3.7307381619461837,97
725_001,40.64009515245532,-3.731145857759653,98
725_001,40.64278181702325,-3.730223177760768,99
725_001,40.64398671025066,-3.730652331248615,100
725_001,40.64605451684946,-3.733227252175773,101
725_001,40.647438446107664,-3.734493254964955,102
725_001,40.64988060420214,-3.7354159349638394,103
725_001,40.650854767464644,-3.735716339035658,104
725_001,40.65189671250578,-3.736746307406529,105
725_001,40.65245023919123,-3.737776275777381,106
725_001,40.65350843919165,-3.74026536600695,107
725_001,40.654664300014225,-3.7429046599572806,108
725_001,40.655429436304274,-3.744063374374496,109
725_001,40.656455030758984,-3.744599816234309,110
725_001,40.657366657038615,-3.745050427396573,111
725_001,40.6577573502022,-3.7464666339064956,112
725_001,40.657789907862565,-3.7494707083215015,113
725_001,40.657853855122916,-3.752356766294727,114
725_001,40.658138733700156,-3.7572491160562964,115
725_001,40.658578258261514,-3.7574422351258323,116
725_001,40.661524625915895,-3.7578499309393014,117
725_001,40.66203737826238,-3.7573027602422897,118
725_001,40.662476877136434,-3.757270573730694,119
725_001,40.662623376117565,-3.7575817100093953,120
725_001,40.66229782238917,-3.7581717960552012,121
725_001,40.66185018341811,-3.7584400169851073,122
725_001,40.6616060154404,-3.7590515607053114,123
725_001,40.66130487370364,-3.760854005354307,124
725_001,40.66112581581025,-3.7619590755855286,125
725_001,40.6611583718266,-3.762238025352654,126
725_001,40.66098745256339,-3.7623667713989977,127
725_001,40.66040144033609,-3.7631607053515386,128
725_001,40.65991309288064,-3.763740062560146,129
725_001,40.66015726705525,-3.7640726565132447,130
725_001,40.6616060154404,-3.7651884555816655,131
725_001,40.6618746001667,-3.7654781341859693,132
725_001,40.66206179494244,-3.7661433220921463,133
725_001,40.66209435050201,-3.7668621541843166,134
725_001,40.66202110047066,-3.767291307672163,135
725_001,40.661964128168485,-3.767945766741142,136
725_001,40.66513008660385,-3.7697374825529573,137
725_001,40.665463764985425,-3.769834042087725,138
725_001,40.66544748802993,-3.770112991854831,139
725_001,40.666570588639445,-3.7710034853421397,140
725_001,40.669630534911896,-3.772827387665532,141
725_001,40.67609990583865,-3.7795436397504942,142
725_001,40.67629519784164,-3.779447080215726,143
725_001,40.676466077875,-3.779489995564521,144
725_001,40.676579997653924,-3.7800049797499558,145
725_001,40.681413271785246,-3.784199955093753,146
725_001,40.68522105913096,-3.785229923464604,147
725_001,40.69045234381589,-3.7864100955562168,148
725_001,40.69916500346069,-3.7897253141045395,149
725_001,40.703557414584445,-3.7928152192171143,150
725_001,40.712471491801445,-3.7935876954952574,151
725_001,40.718782197222254,-3.7916994201486935,152
725_001,40.71959538894648,-3.7906265364290475,153
725_001,40.72024593517334,-3.7908840285217558,154
725_001,40.72115668920984,-3.79277230386834,155
725_001,40.724149079019995,-3.793158542007412,156
725_001,40.726620951738525,-3.791441928055966,157
725_001,40.73465390400688,-3.7880087001531146,158
725_001,40.738148020292996,-3.7863349934525607,159
725_001,40.74215579271497,-3.7860560436854556,160
725_001,40.74366533990893,-3.784779308697344,161
725_001,40.746705488907416,-3.783845899861261,162
725_001,40.74930657558848,-3.7828373891648064,163
725_001,40.75208637450613,-3.781979082189074,164
725_001,40.75437840198483,-3.7832772714898515,165
725_001,40.75965301611598,-3.7825047952117083,166
725_001,40.76354880800892,-3.7818717947317357,167
725_001,40.76717001344933,-3.781303165608288,168
725_001,40.76975404805343,-3.7801444511910725,169
725_001,40.76985155682577,-3.77976894188918,170
725_001,40.77029847020147,-3.7798976879355437,171
725_001,40.772508615796326,-3.7790071944482344,172
725_001,40.774166176747485,-3.7790286521226313,173
725_001,40.77848864115782,-3.775391576313046,174
725_001,40.778618635731064,-3.7750053381739743,175
725_001,40.77904111633727,-3.7751018977087423,176
725_001,40.782967844295044,-3.7736964178361574,177
725_001,40.7849338524574,-3.7723874996982008,178
725_001,40.78766342018641,-3.77391099458009,179
725_001,40.78847576987057,-3.7771511034134257,180
725_001,40.78883320058336,-3.777129645739028,181
725_001,40.78923936951254,-3.7745761824862676,182
725_001,40.78988923463171,-3.7731170606275493,183
725_001,40.79052284699925,-3.7730741452787746,184
725_001,40.7909614981735,-3.7732028913251185,185
725_001,40.79123768446317,-3.7744688941143005,186
725_001,40.79122143824262,-3.7756919815547074,187
725_001,40.79143263879952,-3.7759709313218135,188
725_001,40.79378829178355,-3.7748122169045977,189
725_001,40.80160196286166,-3.7750697089973055,190
725_001,40.80299890484456,-3.7754344894619805,191
725_001,40.8033562573733,-3.7753486587644107,192
725_001,40.80296641815562,-3.773868079231315,193
725_001,40.803177581349445,-3.773159975976344,194
725_001,40.80644240369415,-3.770906920165085,195
725_001,40.806945919213014,-3.7710142085370517,196
725_001,40.809755790506514,-3.772644991790908,197
725_001,40.80986948221616,-3.773245806673913,198
725_001,40.8103242471068,-3.7732028913251185,199
725_001,40.81014558984289,-3.7719368885359565,200
725_001,40.80993444881993,-3.7706708857467746,201
725_001,40.81017807301757,-3.7699198671430088,202
725_001,40.81199710541947,-3.768825525748985,203
725_001,40.81141242187164,-3.7667870466816593,204
725_001,40.81131068051,-3.7654137571871575,205
725_001,40.81285358665241,-3.7631392437015214,206
725_001,40.81412036697798,-3.762001986958704,207
725_001,40.81442893800917,-3.7603497460304496,208
725_001,40.81379555381569,-3.758611674404626,209
725_001,40.812593731288324,-3.7561011265006603,210
725_001,40.8132758494484,-3.7543845125492146,211
725_001,40.814055404472754,-3.7530112213880855,212
725_001,40.81499735457291,-3.7524104065050805,213
725_001,40.81657265502645,-3.752431864179478,214
725_001,40.81845647037155,-3.7532472558063965,215
725_001,40.820129123640356,-3.752861017667324,216
725_001,40.82092483708901,-3.753097052085655,217
725_001,40.82204531535202,-3.754148478130903,218
725_001,40.82274357484095,-3.7547063776651135,219
725_001,40.82329568179073,-3.7558865497567266,220
725_001,40.823977689912795,-3.7567019413836453,221
725_001,40.828378097509955,-3.7574744176617885,222
725_001,40.82983942289943,-3.7574100446386165,223
725_001,40.83139813448486,-3.75794648649845,224
725_001,40.837437795780296,-3.755629057664019,225
725_001,40.83816836266444,-3.7557792613847605,226
725_001,40.83993792463491,-3.7541913934796787,227
725_001,40.84667481540973,-3.7497711125547504,228
725_001,40.84847661469662,-3.748741144183899,229
725_001,40.852323535686885,-3.7497925702291472,230
725_001,40.855472325870636,-3.748033040928927,231
725_001,40.8552171264203,-3.746509539482748,232
725_001,40.85511974302441,-3.7445783487873885,233
725_001,40.85619095250572,-3.7415313590236097,234
725_001,40.85778150432649,-3.73968599902582,235
725_001,40.856612939363785,-3.7352657181008913,236
725_001,40.85593126694929,-3.7341928343812456,237
725_001,40.85502235948539,-3.7280559395048916,238
725_001,40.85541189278259,-3.7248802036947275,239
725_001,40.857749044466985,-3.7210178223040096,240
725_001,40.858430698176306,-3.719000800911081,241
725_001,40.85878775208176,-3.7159967264960763,242
725_001,40.85940447702161,-3.7146663506837228,243
725_001,40.8592436110064,-3.7137007673129623,244
725_001,40.859081315132165,-3.712928291034819,245
725_001,40.85851327644084,-3.712048526384708,246
725_001,40.85816433597237,-3.711619372896842,247
725_001,40.857961462761985,-3.7110185580138575,248
725_001,40.8571175035383,-3.7109434561534664,249
725_001,40.856987662703396,-3.7105250315028186,250
725_001,40.85750702451609,-3.709537978480742,251
725_001,40.857677439223636,-3.70859384080746,252
725_001,40.858156221055864,-3.707703347320151,253
725_001,40.85913811873337,-3.706405158019373,254
725_001,40.85928418491284,-3.703776592906261,255
725_001,40.86032286845547,-3.700557941747323,256
725_001,40.86073671439183,-3.698090309192131,257
725_001,40.86122358865353,-3.696566814310241,258
725_001,40.86131284854662,-3.6945283352429152,259
725_001,40.86182406234176,-3.6919856008273726,260
725_001,40.86263550413498,-3.6898076468764844,261
725_001,40.86335767896977,-3.68896006873797,262
725_001,40.863876990837575,-3.687479489204855,263
725_001,40.864282700401006,-3.6851942468820202,264
725_001,40.86458292387786,-3.682297460838982,265
725_001,40.86457480974772,-3.68087052549186,266
725_001,40.86574323425049,-3.677211992007876,267
725_001,40.865491700161286,-3.6750876822429817,268
725_001,40.86591362776809,-3.6703669938765504,269
725_001,40.86769867635947,-3.668714752948297,270
725_001,40.869491790362034,-3.6679422766701535,271
725_001,40.87055461287058,-3.6666011719807927,272
725_001,40.87111443496134,-3.666214933841721,273
725_001,40.87128481465813,-3.6651527789592735,274
725_001,40.87113877494487,-3.6629962826828026,275
